0 0.5734375 0.3703125 0.7859375 0.15
0 0.665625 0.434375 0.8640625 0.284375
0 0.5375 0.6421875 0.7078125 0.4203125
0 0.6234375 0.8140625 0.8296875 0.65625
0 0.475 0.628125 0.559375 0.5140625
0 0.3609375 0.678125 0.48125 0.584375
0 0.0421875 0.75625 0.246875 0.528125
0 0.184375 0.584375 0.425 0.4
0 0.325 0.5 0.4890625 0.3203125
0 0.2765625 0.2140625 0.4671875 0.0421875
0 0.4953125 0.2640625 0.5953125 0.1703125
0 0.5953125 0.384375 0.665625 0.334375
0 0.4953125 0.4921875 0.659375 0.3703125
0 0.659375 0.578125 0.95625 0.35625
0 0.6375 0.6921875 0.871875 0.55
0 0.7015625 0.8421875 0.721875 0.80625
0 0.4671875 0.90625 0.721875 0.634375
0 0.5171875 0.6203125 0.6296875 0.478125
0 0.475 0.728125 0.6015625 0.5984375
0 0.53125 0.75 0.553125 0.7203125
0 0.4953125 0.834375 0.5734375 0.7421875
0 0.503125 0.7640625 0.5234375 0.734375
0 0.4671875 0.7140625 0.53125 0.6421875
0 0.4609375 0.628125 0.4671875 0.6203125
0 0.325 0.8703125 0.5234375 0.6421875
0 0.2328125 0.8421875 0.36875 0.678125
0 0.1625 0.7640625 0.3828125 0.5421875
0 0.3828125 0.628125 0.5171875 0.4703125
0 0.353125 0.6640625 0.3609375 0.65625
0 0.3828125 0.5703125 0.3890625 0.5640625
0 0.1546875 0.4421875 0.353125 0.278125
0 0.2828125 0.328125 0.4171875 0.25625
0 0.48125 0.4921875 0.509375 0.434375
0 0.425 0.428125 0.609375 0.2421875
0 0.503125 0.50625 0.53125 0.4703125
